485
486
585
740
1343
50003
50004
50005
50006
50122
50272
50275
50281
50291
50294
51544
51545
51547
51551
54522
54735
54736
54757
56078
58765
59294
59302
59323
74162
74675
80008
80016
80435
80471
80478
80479
80482
81019
81025
81034
81035
81036
81039
90002
90362
90363
90367
90371
90372
90373
91593
91594
91595
91597
91598
91599
91612
91617
91618
91620
91623
91627
91631
94746
94747
94748
94755
94757
94760
94764
95014
95022
95268
95354
95441
95443
95449
95450
95455
95848
100003
350381
351426
440678
440681
440808
450118
451418
451420
451433
451434
451435
451438
451441
451442
451443
451453
451456
451457
451460
451461
451463
451465
520528
520529
520532
520533
520534
520546
520554
540216
540217
540220
540221
540222
540428
550013
550014
550020
550026
550029
550034
550036
550037
550041
550042
550044
550045
550049
550050
550060
550063
550065
550071
550072
550074
550075
550079
550081
550082
550087
550095
550097
550103
550602
550603
550604
550605
550606
550610
550612
550617
620187
620202
620205
620206
620983
620984
620985
620986
620988
620989
621001
621002
621019
621024
621026
621027
621029
621030
621031
621032
621033
621034
621035
621036
621037
621038
621039
621040
621042
621043
621044
621045
621046
621054
621055
621056
621058
621059
630261
630262
630265
630266
630267
630269
630271
630272
630273
630274
630275
630276
630277
630278
T0200083
T0200140
T0200265
T0200428
T0201022
T0201271
T0201272
T0201327
T0201345
T0201396
T0201401
T0201405
T0201488
T0201492
T0201559
T0201650
T0201653
T0201894
T0202015
T0202226
T0202966
T0202974
T0202977
T0202978
T0202983
T0203312
T0203313
T0203322
T0203326
T0203332
T0203333
T0203346
T0203349
T0203353
T0203360
T0203620
T0203621
T0203622
T0203624
T0203627
T0203628
T0204023
T0204024
T0204025
T0204026
T0204027
T0204028
T0204029
T0204030
T0204031
T0204032
T0204033
T0203626
160240
160241
160242
160243
160244
160245
160246
160267
160268
160271
160275
160276
160277
160278
160279
160280
160281
160282
160283
160284
160285
160286
160287
160288
160289
160290
160291
160292
160293
160294
160295
160296
160297
160298
160299
160300
160301
160302
160303
160304
160305
160306
160343
160344
160345
160346
160347
160348
160349
160350
160656
160658
160659
161986
161987
161988
162000
162002
162003
162004
162005
162006
162007
162008
162009
162010
162011
162012
162013
162014
162015
162016
162017
162018
162019
162020
162021
162022
162023
162042
162043
162044
162045
260074
260095
260100
260101
260107
260108
260109
260110
260111
260112
260114
260115
260118
260120
260121
261093
261094
261095
261096
261109
261110
261111
261122
261123
261124
261125
261126
261127
261128
261129
261130
261151
261152
261153
261154
261155
261156
261157
261158
261159
261160
261161
261162
261163
261164
261165
261166
261167
261168
261169
261170
261171
261172
261173
261174
261175
261176
261177
261178
261179
261180
261181
261182
261183
261184
261185
261186
261187
261188
261195
360060
360061
460102
460103
460104
460105
460106
460107
460108
460109
470001
470069
470074
560097
560098
560259
570118
570134
660037
660220
660221
660222
660223
660224
660225
660226
660227
660228
660229
660230
660231
660232
660233
660234
660235
660236
660237
670020
670021
670122
670123
670124
670125
670128
780002
780009
780018
780019
780021
780025
780027
780503
780506
780507
780508
780514
780518
780522
780523
780524
780525
780526
780527
780528
780529
780530
780531
780532
780533
780534
780535
780540
780541
790002
790004
790006
790009
790011
790013
790014
790253
790254
790257
790259
790260
790269
790270
790277
986387
986388
986389
986390
